,Location,Employer,Non-Group,Medicaid,Medicare,Military,Uninsured,Total
0,United States,0.49,0.06,0.2,0.14,0.01,0.09,1.0
1,Alabama,0.47,0.05,0.2,0.16,0.02,0.1,1.0
2,Alaska,0.48,0.04,0.21,0.09,0.05,0.12,1.0
3,Arizona,0.44,0.05,0.22,0.16,0.01,0.11,1.0
4,Arkansas,0.42,0.06,0.27,0.16,0.01,0.08,1.0
5,California,0.47,0.07,0.26,0.11,0.01,0.07,1.0
6,Colorado,0.52,0.07,0.18,0.12,0.02,0.08,1.0
7,Connecticut,0.54,0.05,0.21,0.14,0.01,0.05,1.0
8,Delaware,0.5,0.05,0.21,0.17,0.01,0.06,1.0
9,District of Columbia,0.53,0.07,0.28,0.08,0.01,0.03,1.0
10,Florida,0.4,0.1,0.18,0.17,0.02,0.13,1.0
11,Georgia,0.49,0.06,0.17,0.12,0.02,0.14,1.0
12,Hawaii,0.55,0.05,0.17,0.15,0.05,0.04,1.0
13,Idaho,0.47,0.09,0.17,0.15,0.02,0.11,1.0
14,Illinois,0.54,0.06,0.19,0.13,0.01,0.07,1.0
15,Indiana,0.54,0.05,0.18,0.15,0.01,0.08,1.0
16,Iowa,0.54,0.05,0.19,0.15,0.01,0.05,1.0
17,Kansas,0.55,0.06,0.14,0.14,0.02,0.09,1.0
18,Kentucky,0.47,0.04,0.26,0.15,0.02,0.06,1.0
19,Louisiana,0.42,0.05,0.29,0.13,0.02,0.08,1.0
20,Maine,0.48,0.06,0.18,0.17,0.02,0.08,1.0
21,Maryland,0.56,0.05,0.19,0.13,0.02,0.06,1.0
22,Massachusetts,0.55,0.06,0.23,0.13,0.01,0.03,1.0
23,Michigan,0.51,0.05,0.22,0.15,0.01,0.05,1.0
24,Minnesota,0.57,0.06,0.18,0.14,0.01,0.04,1.0
25,Mississippi,0.43,0.05,0.23,0.14,0.02,0.12,1.0
26,Missouri,0.52,0.06,0.15,0.16,0.01,0.09,1.0
27,Montana,0.44,0.07,0.21,0.17,0.02,0.08,1.0
28,Nebraska,0.55,0.07,0.13,0.14,0.02,0.08,1.0
29,Nevada,0.48,0.05,0.19,0.14,0.02,0.11,1.0
30,New Hampshire,0.57,0.05,0.14,0.17,0.01,0.05,1.0
31,New Jersey,0.57,0.06,0.17,0.13,0.0,0.07,1.0
32,New Mexico,0.37,0.04,0.33,0.15,0.02,0.09,1.0
33,New York,0.49,0.06,0.26,0.13,0.0,0.05,1.0
34,North Carolina,0.47,0.06,0.18,0.15,0.03,0.11,1.0
35,North Dakota,0.57,0.08,0.12,0.13,0.02,0.08,1.0
36,Ohio,0.52,0.05,0.21,0.15,0.01,0.06,1.0
37,Oklahoma,0.46,0.06,0.18,0.15,0.02,0.14,1.0
38,Oregon,0.48,0.07,0.22,0.16,0.01,0.07,1.0
39,Pennsylvania,0.52,0.05,0.2,0.16,0.01,0.06,1.0
40,Rhode Island,0.52,0.05,0.23,0.14,0.01,0.04,1.0
41,South Carolina,0.45,0.06,0.19,0.16,0.02,0.1,1.0
42,South Dakota,0.52,0.08,0.13,0.15,0.02,0.09,1.0
43,Tennessee,0.47,0.06,0.21,0.15,0.02,0.1,1.0
44,Texas,0.47,0.06,0.17,0.1,0.02,0.18,1.0
45,Utah,0.61,0.09,0.1,0.1,0.01,0.09,1.0
46,Vermont,0.49,0.06,0.23,0.16,0.01,0.04,1.0
47,Virginia,0.54,0.06,0.12,0.14,0.04,0.09,1.0
48,Washington,0.52,0.06,0.21,0.13,0.02,0.07,1.0
49,West Virginia,0.44,0.03,0.26,0.19,0.01,0.06,1.0
50,Wisconsin,0.57,0.05,0.17,0.15,0.01,0.06,1.0
51,Wyoming,0.55,0.07,0.1,0.15,0.02,0.11,1.0
52,Puerto Rico,0.23,0.08,0.48,0.14,0.01,0.06,1.0
